0
94
232
243
34
242
17
184
252
47
52
136
63
109
192
19
99
84
97
169
66
130
51
5
47
235
5
147
177
53
51
5
84
17
113
183
248
161
70
175
110
67
74
211
49
111
176
178
222
132
155
220
155
55
241
78
218
236
243
162
52
1
241
153
255
35
33
79
174
122
178
195
145
2
63
241
133
203
93
205
109
24
101
169
62
72
206
3
74
255
228
186
115
48
197
167
109
135
122
193
106
9
168
224
143
232
13
151
227
237
3
108
15
146
115
215
42
176
101
10
124
138
199
77
133
205
7
161
51
75
185
183
2
231
245
3
2
24
68
53
95
38
231
205
130
41
78
180
12
192
139
148
180
78
19
2
60
47
216
79
